signal to noise ratio =[82.65, 72.95, 62.65, 52.65, 49.64, 47.88, 46.63, 45.66]

Proposed
AlexNet=   [ 95.65, 95.38, 78.87, 03.63, 0.97, 0.25, 0.17, 0.13  ]
GoogLeNet= [ 95.33, 95.10, 86.27, 21.48, 8.70, 1.85, 0.76, 0.35  ]
ResNet=    [ 97.20, 97.12, 92.69, 50.09, 34.43, 14.69, 7.36, 3.02]
VggNet=    [ 94.86, 94.69, 84.71, 14.53, 5.07, 1.33, 0.29, 0.15  ]


Deep_Fool
AlexNet=   [ 96.93, 96.92, 86.11, 54.43, 34.54, 19.43, 09.85, 04.59]
GoogLeNet= [ 96.71, 96.71, 90.74, 75.38, 62.26, 46.53, 30.76, 17.48]
ResNet=    [ 97.93, 97.93, 95.57, 87.34, 79.11, 68.83, 55.77, 40.65]
VggNet=    [ 96.31, 96.30, 90.44, 72.04, 54.16, 34.66, 18.34, 7.91 ] 
  

Deep_Fool+rand
AlexNet=   [ 95.91, 95.91, 86.74, 31.46, 05.74, 01.92, 0.51, 0.31 ]
GoogLeNet= [ 95.62, 95.62, 90.02, 59.18, 29.68, 15.78, 03.60, 1.12]
ResNet=    [ 97.35, 97.34, 95.01, 78.34, 56.99, 42.25, 18.43, 7.42]
VggNet=    [ 95.01, 95.00, 89.49, 52.81, 17.59, 07.16, 01.51, 0.61] 


Deep_Fool+rand+bgd
AlexNet=   [ 95.93, 95.94, 87.72, 36.18, 06.92, 01.77, 0.62, 0.31  ]
GoogLeNet= [ 95.63, 95.62, 90.53, 62.36, 32.23, 14.87, 04.93, 0.97 ]
ResNet=    [ 97.34, 97.34, 95.33, 80.43, 59.07, 40.86, 22.59, 06.56]
VggNet=    [ 95.94, 95.00, 90.12, 57.31, 20.23, 06.66, 02.01, 0.58 ]


Naive Gaussian Noise
AlexNet=   [ 100, 100, 98.80, 92.06, 82.48, 73.27, 67.25, 59.26 ]
GoogLeNet= [ 100, 100, 98.57, 93.73, 88.36, 83.75, 80.73, 77.12 ]
ResNet=    [ 100, 100, 99.15, 96.27, 93.39, 90.98, 89.42, 87.37 ]
VggNet=    [ 100, 100, 98.49, 92.92, 87.13, 81.62, 77.91, 75.54 ]
